TEMP 
5 1.e6 1.5e6 2.e6 2.5e6 3.e6 
* Landman 1975 A+A 43, 285, table 4
* I  J  M  M'
CPMM
  1  2  0 -1    .136e-10 .380e-10 .662e-10 .949e-10 1.23e-10
CPMM
  1  2  0  0    .136e-10 .380e-10 .662e-10 .949e-10 1.23e-10
CPMM
  1  2  0  1    .136e-10 .380e-10 .662e-10 .949e-10 1.23e-10
*
CPMM
  1  3  0 -2    .509e-10 1.26e-10 2.02e-10 2.70e-10 3.29e-10
CPMM
  1  3  0 -1    .509e-10 1.26e-10 2.02e-10 2.70e-10 3.29e-10
CPMM
  1  3  0  0    .509e-10 1.26e-10 2.02e-10 2.70e-10 3.29e-10
CPMM
  1  3  0  1    .509e-10 1.26e-10 2.02e-10 2.70e-10 3.29e-10
CPMM
  1  3  0  2    .509e-10 1.26e-10 2.02e-10 2.70e-10 3.29e-10
*
CPMM
  2  2 -1  0    1.21e-10 1.65e-10 2.01e-10 2.30e-10 2.54e-10
CPMM
  2  2 -1  1    2.30e-10 2.99e-10 3.49e-10 3.88e-10 4.19e-10
CPMM
  2  3 -1 -2    1.11e-10 2.19e-10 3.14e-10 3.93e-10 4.58e-10
CPMM
  2  3 -1 -1    1.51e-10 2.84e-10 3.93e-10 4.79e-10 5.46e-10
CPMM
  2  3 -1  0    1.46e-10 2.71e-10 3.70e-10 4.46e-10 5.03e-10
CPMM
  2  3 -1  1    .975e-10 1.80e-10 2.46e-10 2.93e-10 3.28e-10
CPMM
  2  3 -1  2    .047e-10 .108e-10 .160e-10 .198e-10 .222e-10
CPMM
  2  3  0 -2    1.90e-10 3.49e-10 4.73e-10 5.66e-10 6.35e-10
CPMM
  2  3  0 -1    .579e-10 1.15e-10 1.65e-10 2.06e-10 2.40e-10
CPMM
  2  3  0  0    .138e-10 .369e-10 .622e-10 .864e-10 1.08e-10
*
CPMM
  3  3 -2 -1    2.08e-10 2.95e-10 3.55e-10 3.98e-10 4.32e-10 
CPMM
  3  3 -2  0    1.33e-10 1.79e-10 2.04e-10 2.17e-10 2.24e-10 
CPMM
  3  3 -2  1    .044e-10 .093e-10 .137e-10 .172e-10 .198e-10 
CPMM
  3  3 -2  2    .028e-10 .041e-10 .047e-10 .049e-10 .049e-10
*
CPMM
  3  3 -1  0    .529e-10 .985e-10 1.45e-10 1.89e-10 2.29e-10
CPMM
  3  3 -1  1    1.96e-10 2.58e-10 2.90e-10 3.05e-10 3.11e-10
END
